Array in process 5668(last that finished) is:
942192819
388513789
1841098987
447625077
75457917
1036314314
1681543383
770296535
532939519
904607297
2089312775
1414675974
1089034226
1226598846
1542343517
1362682672
1128889272
52836766
1316995322
663198020
2099388520
1471293236
1835874707
728853250
1154994537
1011374125
1522391126
957850618
854993219
1309460023
924959868
1797186039
1697973812
618575207
97327468
1773431729
1654889521
1778870851
396244616
40345392
535994501
338073743
1455021367
1625028727
1564672589
849881236
840227751
546078214
902718002
9739426
1209276234
854622874
1481032662
897667293
1583476125
488543551
1909041419
958383603
1446394170
616550990
120359978
223870390
266253381
1818333790
842445598
363580849
1444281871
349851471
2142451701
1840526487
390196864
530962554
31116583
1845218231
8507633
1595789172
547615819
848735384
2141867386
1450333821
858474810
1203659973
157473047
192023824
2101327266
1740949172
680567376
1862885037
551849128
2126961546
331952380
672209106
203348288
598205761
343059249
1045793886
961786611
1787341120
1395645358
956754664
1480383960
1785842222
1487717218
1511500543
1483576805
1496224851
959806067
2031192624
197476587
954189806
1334042797
1055951398
10366131
1491515844
1247975222
2111693397
1084981369
1928542598
1827094787
1636830497
1908020496
11563519
161555955
2111368785
609769280
504615204
1009679023
1571555891
144472677
257840733
380826907
1624856637
2043682955
1868544125
988873532
1379776112
1217285328
1948679599
1263485088
1414761916
755385757
450044237
323229666
765751888
1941560082
1571204888
729961638
879057803
1352263839
409572777
368404652
1112800687
421136296
529960607
1076685824
1030905576
1034575812
2086364848
454977820
1179048489
196721933
835804727
656421478
92921241
556865205
1645295010
1472697353
1774150533
1446490961
588698794
1041428801
54393071
1038743031
1364658467
820144959
832819465
788379708
1550106597
1711877268
2140643547
1959679374
2080281920
1105960586
233332022
462758880
35162763
1264237599
1497334692
2121527611
1719215419
528899533
170765896
407536498
1185321011
263687137
964401703
683132373
1736384491
591068589
2129623334
177599637
1632497390
36532757
1216342668
849672210
856677717
2049162134
1638051918
259300666
1613555754
1631211817
71496393
1546354027
589688755
304828415
2009112907
624851518
1569066014
1358963951
598895481
1140797785
1887863484
769661378
1548334284
925700847
1033348515
365252339
1608833220
622249358
956320928
1590972906
799848995
441334671
1627505664
2016191664
1291006881
336699733
1917870150
781575151
596000399
1383942256
265303320
667496792
782812635
854992075
972325208
644441894
1479843594
393907574
2003405845
2078739075
1534705360
1743785681
700916805
935555996
522002880
1734265321
1300808335
2130836100
209031031
109645616
1574325359
1008880027
550980287
1054347375
877588043
1841987168
1391047108
647974545
476078671
1987047507
2031916801
741381991
507060652
667245789
1596374066
1479385860
1311687683
928734012
1873293434
1167609881
859989440
1260515146
763911914
1560906245
48587494
1285914795
1147687918
1349395830
1269267247
1356718950
1459041446
696108958
218115329
2010021733
1750456333
1095703372
1704525253
994019793
1743677917
33120276
833583653
1628111070
774502267
1340644305
147873211
223392685
672546517
1459560895
1152126698
398356303
479687128
2012116138
1658871450
1243599042
1425538735
1707458944
382030189
425743006
909371126
1651297437
1782461956
220928924
199922747
2000577285
83467009
1950379081
948797009
1787992262
796915226
544991278
1821112538
1630498879
25618700
448131157
823659536
173491912
671523843
1496206053
1633052807
1823650541
1894562357
2112739935
1688283031
1405950159
1208855329
966338118
965925455
1590885519
1392081124
1875296582
1094699308
1027059432
2096225506
1294622055
880153069
32208868
1097517488
1828950078
1820201130
1894432715
226457708
1493830021
1377447946
252076409
1941961178
53623835
425568321
466001373
1549829888
2058621128
142168266
1296908597
2023877415
1830451297
555375108
1085249096
649305768
1521300564
528650967
2041386892
1249113498
1623350275
920962677
1197855356
770488683
1801115746
1230064224
1868006171
1482582177
902781707
1614955238
1709039885
249128080
844919537
1961116294
43605610
898543372
239200967
509606984
300889612
150338447
651775250
1597798210
26732214
334742900
5689670
1111981311
984048668
1526990234
1640632278
877951912
628620084
1116498906
1798914589
1826475441
1886987589
1452546688
909056017
1607510112
787645217
1811837724
1074981703
349201454
2060965804
1919901240
162834101
2104571415
670960964
402035068
466694751
971850576
552373516
1118470001
422165138
579105730
1453212901
427854809
1691087041
289777921
1954845043
1184235672
1167729834
435981480
153250930
819160775
114973273
2040238519
124223815
1024029290
1500264983
911869032
688383367
427763038
1261070487
601865523
200180630
1423904588
558953290
871141594
1825939656
1025648041
1842992171
230829524
2144118043
117673661
809935255
1449847296
545528470
353538648
1739625218
352889866
1537774320
759871404
788871346
1691025250
1579032179
903844619
1583780121
1703255995
1927873909
936561457
467641379
468773628
1364324495
1728711866
1070639152
1564505126
1005132806
1629592442
288163072
683588815
507756836
2131155243
914418339
504391231
101345257
1724353594
1954238527
646873727
2077892243
1546380097
999763593
1468182915
158767853
1788634939
1011724518
1737800033
544995910
448020991
1293572380
325386172
1384582448
1761213759
794159800
601423296
1342441978
1864798952
18444774
200091136
1346907747
306607846
883679951
1854664583
290279442
1798098291
211572166
391624699
1374968237
18327045
1038498426
1305376832
1564707143
2038262020
626076100
1723474996
1679413311
1637800618
1313791381
76925574
2085821609
459880113
402311746
1322920410
73610225
1196471546
1924343706
1416052203
913786851
1942788480
1616143339
113210950
101912678
352339643
1967875533
392192120
2954286
31964051
783816819
1377922523
50291096
1822315246
535815708
1614998239
1713093618
1161891808
1190989588
1245023281
652208778
357297321
1321948855
590546739
817177435
1724260601
1913467149
890787660
773248500
1690327207
159356215
1687035351
1485632039
1775499554
1800246301
1587544718
2127839197
1620638186
1979736838
2130793483
1652602237
616070010
1361232359
1702893333
290901608
1897048067
1170407925
2003995226
911456227
213913865
1101534859
1563665005
571211186
276000067
6728096
1388388621
2000260668
1920195246
131692633
626025520
1463038805
291048848
165577223
801187197
2066548403
1965823524
241248267
2046903952
1438978062
73501457
2030213788
944096651
689571467
1243962499
499506337
980473075
993526918
1669914262
836984653
1904983145
1883828127
1938519513
1321164502
307555665
67035932
1327892598
1695944287
2067296600
1100604196
1827636920
545838473
416159354
2118685769
711415696
1217346551
2037750524
529755573
1458594818
1937170828
1968733635
1532096275
1819900968
765346639
74184095
916379819
1264852976
1054657170
1909906737
787283590
1891641824
1667406234
523628069
1682677689
841087088
831183734
1749713621
21496039
379644373
1669526573
1122100235
59797646
67881398
1538259589
30999767
779297095
608122492
2068750291
1309052668
2066717310
1858437471
1130302655
1451329938
1530854792
1895649294
1525514033
299750963
1013018622
432687555
62174053
1800302212
176845731
1729580287
176446633
1859523420
423183728
1007630368
1461753393
444679767
1387274741
983796319
1566780002
1447072387
1051677717
957555944
1478072154
1830974812
1565678436
1399338797
992543832
1484912099
1110292621
2122846488
788758389
493663765
1871012134
166788774
793414728
736547109
599476329
855588781
389365673
776322061
437685421
565812307
488361833
860869149
1573442675
1950115227
1305548916
813233768
786427898
724845270
112822508
1838105615
1682401214
1590894662
1521596780
1100596003
842749812
366656964
438024454
1953042433
342019804
1226782843
299222550
65548291
1393571617
1092637278
802095400
1993047946
1948226060
1191461073
621886359
238427833
1757273380
1110248193
1099296982
1183232407
912879772
257362250
1996466176
1699307670
982207520
2109288684
1389929637
517125087
1552699698
764042769
1617721090
247965862
1130699734
2055745544
53524647
1472719538
1135044739
352747197
1538267829
381132708
1445384476
192879581
226697006
1246126888
1384340655
848583366
1484554721
994130387
1958831559
436368055
29879147
724227683
693730305
2026345323
276051705
1675937825
1988150359
1665981342
45579264
1393366409
282540464
1663300354
1641332272
1413240198
1571562250
1694856919
738476088
559123341
2047604117
129260270
940256049
1345504945
322139851
1166953056
444148185
1706480506
2015536422
1928702906
553127246
1826884333
217587313
583006393
403628368
911317618
461868068
679680073
439771795
302534779
198177767
485351060
1695901188
480718231
1167766
1189749812
1893958429
1572730017
737123084
484950870
2131853358
637243553
614211140
924625760
1982748498
936350991
2091578816
279413035
495347850
1959631590
60632293
1048475096
1639032275
278219606
1631481489
2042660643
1189537224
2093349557
574857068
1629309019
248400688
773034835
2114660079
1944301876
1253753067
2115827846
986568041
1000227848
1541074215
1723691125
1485178718
1525443925
213451030
2099389858
302586037
48715880
888257202
246681205
328128915
1383605052
58829147
388761208
284596500
1697861422
666980814
1916077989
1593038417
1856518038
1861943898
20411837
1338343409
2110344586
793446673
1305519841
1907162814
2047199740
1273864039
746247207
899943940
667454606
322454684
237639011
45414883
535905714
189545221
348000921
584621594
1077802423
594682126
912750509
313923827
653511274
1301511717
598520327
203889048
1968492531
367114668
1796927466
1677526921
81574918
1817339303
868386683
44435856
463302328
26422876
1951598671
363018420
1300286915
550362230
1262962361
1967741521
872816915
1500601372
2013156404
1408722629
1690146593
213673677
1993344224
620465369
808355804
758611085
934389196
1461867078
2060122803
1532909524
1665756126
1881131686
1900024192
1315199944
1411174960
1981599111
985055600
132077995
2026034967
1448357928
158500871
1830149990
1811376349
1458787786
233028573
926855062
1279045659
1105845488
279972786
1144718415
367084469
1970119379
1358392093
212945045
443101100
19264249
971556131
1377490297
1481131327
884195286
762916173
999403805
617843324
515456717
167120102
2029018284
349572180
1152175702
13612631
228123500
453049982
172113502
2058273490
116942683
1630901288
143818415
1043797745
762463299
1249663903
1323770531
1907181715
1616748373
1146406263
1118090160
1829693418
1589507363
1137354409
653765901
819514012
471002088
1537961187
1582430185
1470405893
8320864
2097886903
1637525995
2037339148
299975435
642218049
2050951780
528098935
1095268032
75581634
438888778
1212210715
1706482923
582707193
108524813
321462574
1832371097
1432295344
81160641
1301635822
431217959
1199250801
983845592
2020725323
189121562
1637611494
692755687
660123650
1028089033
127702225
2130529544
1036409897
78105480
1620571891
926265398
378080915
115306293
829733530
906179851
1210574325
905315164
1345068629
275301392
464314439
1927775822
383826205
785777014
1612663271
1816121550
866937655
766815445
99855861
2066188457
1750661038
2120581184
107826371
1240788884
665853224
767950022
121394269
793555449
750995918
1157804167
871660929
224084161
2084069565
1249741844
339390454
766319447
8438047
1549964779
1671634611
1353506676
1825266172
2135949051
1133798851
61608729
774242417
598978474
1877730279
1641180072
1365793920
1977586141
1559884881
968971310
1950683677
1667711253
62276546
469053253
288177627
183670815
1262608702
1039173545
1341474982
2134269631
1263257706
1278060899
1236527828
1602648161
2044380346
1244965875
1005129292
1568531310
450988904
682911816
1556996713
1584787755
744520546
183755482
36282581
474767177
1824935554
1402076501
304869670
1237336788
223564163
108069700
757564393
285840709
577122953
1045742020
469511525
1839731656
2084915565
1810986507
1826517639
1200689623
941563759
915561819
655854136
838460457
13044047
1660983429
259508119
464032951
196411597
1816504832
2048820706
940932143
2000260314
2085103287
1415699321
1677712221
1339696141
1720568991
767565361
1563260304
1828638691
1525129754
1849101014
258277997
423388126
171128891
2098009653
360820043
1982115398
1777043644
1561509666
776195509
545121816
69880155
1614655967
558165863
1730863584
1874164086
1022198814
1927275181
1543185271
923535872
720723677
1395961937
861155511
2136422998
926190510
53368004
1709508341
1693755871
1616628309
1390663385
1071401977
1318245675
1648941382
1494790103
1489374566
1599467387
1855610146
1324006316
1229027383
1269636165
2100201826
1774149199
1339516320
1567374145
184831414
922896256
1294054583
1207030228
702687789
689756206
2130566100
1423411466
2085718144
844237964
1412350816
864425006
897605968
974375510
410697230
366750629
217555247
1482099207
1684996304
1866496629
829405663
1026887222
1318480368
537532161
203409891
400024103
1807168326
156128069
26689655
999200998
1723502214
211521069
1922097254
870073149
1418551298
477301396
1559829356
1401633750
1900712862
1498063852
98388066
1165580031
215005210
995994035
2139955541
625702440
1362744664
210027140
2107801648
900257321
2076523769
789723663
1927144543
1247520489
1327255824
2130554434
1647544592
986940503
139198855
1674234247
1986141501
1862701069
1885755317
1760755108
585290571
1156822967
90572856
2145119927
410973069
1991285718
1495700131
509361136
1009382101
1710705341
1505355171
1001853994
188924134
720616187
1211881134
149242134
1620873508
1140921255
938965797
1400534404
240958096
118737973
1383605190
1888502689
1105678476
1522804046
1415253288
944336330
1238021467
1153524957
557607790
1823312038
162864276
648180646
1820948317
573837346
491982716
1169164800
1083198482
1501364818
732386494
441070005
355735164
921310628
1161686192
1567616299
1070552762
635076053
561053906
2009518559
2035610457
802012003
2128256532
1271731999
543031044
1086451361
647052397
1958284332
2030787691
1885073865
964325642
440911833
1560902255
1127189918
1089092479
1234366925
1701027264
1581075195
256048077
636742098
934956365
988434571
1077812103
1290691530
1909745199
92014648
710824181
832814313
727090701
1271878087
694849224
615217510
2073890090
675622109
1886949509
469437486
1762073470
386518259
280238171
1645377513
124108476
1244563813
2086289346
1685010731
224270083
1027898177
771894008
1925297348
461489724
1027942086
414555798
1396446090
2016376657
1492367902
539653972
1778638209
1584382550
1250478153
463968874
163989603
374872592
1158818099
779207113
301279035
1834440208
518672974
770716521
1449030030
905191233
1050954692
946923895
1029299709
148034857
885729593
566826793
372304941
1913627770
1338720801
150118641
227633846
219179239
564674439
1624079936
88072249
2057042341
16250260
1866710458
1493941243
1266728413
183195684
1657930846
1641601006
1342013783
289654311
1942880041
1028970343
808327286
566112914
330516725
1713518519
1617067607
1277440620
595334581
1765102464
15686565
1162161374
2137407405
1929314335
353398527
140042398
9464534
572577767
704716838
1633544470
660650016
614275531
1649794731
379876826
2108216775
769039496
563072510
1618663973
263156854
1905086294
1908318285
58553247
786572989
569161923
624666162
1117089715
135196794
94250121
247046687
730531375
1859352585
262733253
1892692749
1849276343
44563940
98607629
1989318741
54028474
671185396
546551931
1687572945
1331835412
1160827463
1189884028
1711712238
1121560590
1958923524
127301100
592740915
74596731
2032387394
353575552
133149978
671476736
922737475
757816140
1788566451
1057934270
852066261
2035613138
1788465645
563935199
150862743
1533674747
265727894
195426684
1632282376
107562987
249455158
155984124
654114919
1937028103
1487819536
1814942382
979428483
1052048126
789019324
790868360
1179349226
1381760239
865465091
1064252973
1735335792
998615069
1735729709
510589619
1756431210
1376812512
1568523889
461013823
1264942002
1209505887
1024949022
1415804746
595696986
1290676916
1611231430
80495714
1398239904
1860686588
236479838
2052354823
1650231044
1724299374
1719813557
482175879
628863852
361349233
1273044239
1808213078
1743109472
2138509330
724982403
1330961616
989640752
313228464
1841551236
598588314
1690040976
1262591477
1059602137
807499331
324613716
2084551160
75820429
920310702
1227744428
1687051859
1000806416
478500684
1400254799
1237286254
383371859
903002195
814101980
2103185416
1385178075
1442965832
317051001
510738666
1103695263
2060160474
501764349
1828677666
1243638442
1491405101
2141906131
937706030
2089993415
1684463459
52813860
1002111904
344479142
377427576
939179416
420299571
1297738279
19440197
2107351430
151061047
497940881
1360122582
1388347302
881312741
115641129
54965634
837014509
1500819204
1497931467
1154065511
2011557871
454143082
1066742337
365838572
135337100
162897131
1857243673
129759583
1100603162
1799753440
1814223043
1153417022
654381696
11218537
1530844598
1593561113
431518109
681099229
1613001310
391385891
832160277
2110942191
1751508473
73023931
844771284
1867149603
127989565
1681785794
1220485159
1625921032
688367657
1084559382
2080064114
1755109994
1450397954
67917567
1918007125
1160157979
197677150
871126639
812427771
2011900193
2024543661
1466809468
2023118731
1407904612
912886933
307153192
2089003841
378404595
698539083
773680470
341863138
302563909
846704401
1186634423
22229864
974693967
720936569
1242715023
453131351
1409304226
179790758
385711818
1016930572
1630188712
453629385
787454049
642863044
651306535
1658580689
1455290815
515723081
1535640702
774616635
391358164
796061666
1687503568
698511356
737581860
2065908163
1397050439
1511262330
260287654
1699614348
210483084
1446922077
1721844212
1185177051
20374998
817075588
1638308402
1429679224
996866346
2024020220
299126148
479571410
330165957
1086580197
1122434454
981472493
597677238
430241622
1497195574
2133317941
1204858257
1888553738
781895959
744878178
439581446
1519477819
663302693
1836631885
883256502
923590347
1388762586
1093739586
223028776
963123150
131432989
243403774
1780198738
1769741391
1673082998
629581436
1646277964
1972209146
1109152847
1976443921
911305696
84103653
810432766
1508982934
514345275
160144692
1494817227
1719203533
2048698430
129229539
316598063
340796228
1648707358
979900756
29944466
384480212
1903491104
1418707052
1478219798
2126519880
234346554
1609652787
222440007
2014545293
1231910531
1895523005
496643081
730704847
1720248504
1605795928
559665120
484070552
1689899582
1370097887
1993053486
56761209
1530242579
1340387066
1775964742
1431457362
1469616605
2092562805
1772253590
970840315
924979914
1802198056
1355320528
680987370
1073421460
686056678
660023602
1307768015
148225818
882463609
1174829660
1380136349
630502967
1671472741
2110841196
203267823
1129785022
523022668
687338375
672200956
1893120555
532908213
728962165
1275879487
1873295279
357443260
559853201
1195428236
302522417
184623143
18784904
1227502331
1986821200
1374105432
1908489701
912759012
2060162110
421029656
73043379
60904280
1303493265
1247873039
1441040629
1933996232
771862133
1404398177
2137264055
1901647155
1927420846
677118782
426364463
1673057753
1210026996
1155326628
801453592
935838627
1512769888
1361306793
2131266864
1815292306
1545929937
2568120
895310989
1385267489
1376673552
656317043
150542853
1289352014
1077346699
223586233
1350256295
233356316
1471459272
643813276
19868901
95837757
2048211454
9649308
1997484912
1828148652
686768091
276365727
1353722757
1896795087
1431692356
7692702
685150066
796978596
1368999495
668933282
464787254
767445784
671501402
1360098244
5229625
2048174954
2016415287
155772479
1190043321
946278338
379358712
392815968
1179634654
1850817984
1036629244
1199503555
1946655742
937357050
1209152864
1796657006
618022054
1895920955
2073022734
1971744812
1645232394
1357231442
1979437514
182898812
6726390
1200953361
851832095
471513645
1968399146
1523333497
1831611889
1973628771
1424024804
1700543528
2129401250
466584477
499338218
361276314
859400445
1678972872
64610651
1896029689
730992780
2011266393
685903092
1940145644
1660439751
1303925146
1688582951
1585978837
1128186310
1186331697
795726631
960140176
1369230509
802453022
13609890
73578956
1273966667
1982009036
1596912454
958094908
1808154159
873453610
511154788
1790071762
1340038087
1010493006
3864428
51954884
541982230
68475079
1947984573
1272975010
2079741472
486404017
1065637006
1592697576
1790329164
606736309
1031192765
771031826
1793068006
1826919397
1731172003
1014814868
481888771
1744781893
1088393824
1755855438
1579307281
537822630
566466698
1239977792
1411276240
1077621486
882565906
603830679
2088114492
886430335
655785563
482613074
954905414
456286489
1755588085
887163239
942690506
673741443
332377167
585536022
1280477753
1363569932
1356567849
926062111
1043005681
940256204
1940876979
1524894452
537554449
881787156
1133266242
2116861730
1419609786
1699732940
1209355874
683402379
629870778
2091921781
1287233058
570501622
830868468
1943018622
1053114697
1785773882
251821463
661219134
525453473
1194511969
1334960577
857830640
1780047992
467954682
73916925
989132193
1394016794
1116922606
1929388397
1187410125
494333411
319459198
2069197281
1627599653
288837280
1341323420
1179848946
1498193154
2024725799
1809719724
1442631287
1164475209
232737699
126016107
960010183
1285852396
1911789990
1211831646
1947071530
289759815
258859968
1134548459
1147590456
2038907960
1602503142
1221507381
880556505
849036288
190946339
662461254
2036446413
685279750
981920452
1958160047
165395756
1270757732
1151999819
1345244702
621467238
1029241970
1007480778
2064098526
46233531
1240218477
42630985
1006243715
378587225
1954420975
70591713
178175107
96697143
329451681
1312723567
1244287599
220875993
767743061
318311332
1101432498
1616779349
509257671
1763893752
1505742114
1194537422
598330556
1316418513
1359933178
1869088288
320934684
557694232
343071879
1350176654
1565175010
259686757
1396410186
657909840
302317742
255170253
1036497065
109255070
325761966
1214672173
205952213
655213648
379912092
1450239812
876089641
1147655153
1768551144
1977522140
616950854
130325167
1593932244
2122692968
1324862589
44779153
1291627834
537312119
1913867441
1612562518
1095006351
109455672
815255525
512697714
369142429
64182063
1170607554
671460172
319352316
59620971
780715242
645114282
1274293144
986667455
1300327930
1654205236
289423619
28933924
654376741
2057974763
2006456064
1271327595
40816282
1452904660
1246536916
1365678872
1497683813
390681102
1902990991
1264067607
2003243620
850513695
1373523279
671015497
1363211409
1742665709
735197560
386335315
266642233
1054549876
445956286
1047357475
1699664159
1720249431
2034024930
852508441
1226971019
175964901
881442365
1881347761
86456016
740414781
1005191708
127272298
45835794
104244976
1492951170
1543519607
494926078
1248458514
660103566
350686051
2098972209
2033626846
1021701548
1314699970
1628808907
1756899109
1701035285
1895451140
663965337
2146991571
795324967
216145848
1719757354
681866249
1068654290
799244726
857831150
1950096655
533108839
944287166
543027789
1538300547
1071559464
588863583
1642545524
417026987
2132383190
2137471602
1665485501
645003109
340674005
1616974062
531146307
1362375554
784190384
12471566
971791015
337742021
1907922706
1635756352
337249944
555764025
1851902201
2057007299
1237630274
773072843
708768377
2095461424
575685850
1241877216
892264942
1118713639
632694115
1963824406
1707577222
127755991
233367745
1692476765
117743946
1898853246
189996226
458417951
1368343660
721142533
1820793505
5050396
733614099
645100872
342792417
494053157
133373577
680042362
1049817182
1985275778
589566013
139963808
610864973
1298334390
87941584
1186550823
392727958
980206526
157780815
1025422073
796547284
1865358037
1153178065
1029915030
1410351154
1270922011
781284628
1600347380
1729339962
2144641
174006265
1402649820
7195037
907620364
2047750692
349987455
1401673521
33640621
1030029817
304007055
2018916399
1619595830
443970863
482297724
770446572
531912447
1668848548
1163174530
1512118973
1826629363
41112955
161182610
1544503752
1194291020
1191097640
807371259
317729383
1972382268
260234991
2047069346
1974526909
434241257
1302235518
1981721947
1341861621
1202502562
184225754
596051495
1236143184
1214255571
900058550
1107575935
686367753
1344029414
1589873660
1456814325
1875941861
1111238560
472505207
1240577187
790384275
513618162
1401759797
187404379
1707909183
445373789
994775638
2025638566
270272409
1255010630
1925224264
97315671
1689251887
1079976134
2079037618
883629860
134995049
115779724
1479681355
1371138233
1330035295
232256258
331230520
2016403048
1576285672
1921104180
1325733725
1304743885
884859092
1798238932
397837424
1675243367
164373446
1799597221
1862647747
1872282629
97487362
709939737
1750437548
367759772
1964950367
1528178164
465075443
1506718606
460670651
396629413
242864819
595665700
512409137
1722546174
1966803933
1842444432
1954802432
150550805
1711363832
1383604456
2071654986
889613909
540864694
809030430
540369193
938702118
336790150
704742639
590815692
51954249
429541621
688303054
761893986
32495521
1056062826
579360706
1560673685
1521138269
2086079312
2021344336
1917767682
181460483
469526388
282693171
1904006658
288846673
2125137603
1711325442
439397479
1689017787
947446251
363568817
431148048
1488310945
1172599247
971517241
279529415
1509389397
1676259881
870345107
1561343646
2105801502
1558648162
175753985
2138297023
467227340
755114691
1551487060
1988365610
693710355
1425347749
1758649644
875170839
1894874137
2041342816
631693849
36237163
2018996771
195535643
475634642
1560530911
1142981894
839203459
1991678959
483809191
2011802706
815712553
763338607
1373708456
344488786
1633683714
787568454
302806640
1044848228
963322439
293620015
1512075569
1718437130
1845107075
1352957531
264663838
1122971176
964123527
1139834677
870361666
857982695
1771528526
906598829
729495819
1967064169
1382233471
142543082
962562416
73953282
2134222041
1446371607
2085755988
802450946
62226566
1311980796
1146939732
1695910281
2099549251
1449746372
593274861
915388042
1743366387
2105350430
486341525
1440989815
1310824313
751005363
416477343
127464193
1890840040
1286839009
985446888
1514884918
45954190
1714942707
1334465439
1428187661
1857485789
149544207
1502140943
1844224183
1595915815
1440413284
499191481
1658142381
604910432
1646131214
1206569014
556976035
948393938
1799843876
1472364078
544276678
1757710658
1958705603
1985266493
921051324
562227318
254260188
1048515517
305583710
1541099198
2033962405
1820468628
1587053388
1601421465
1007450419
867757402
1311423606
1156994627
222414697
1008164141
605426794
1662827981
1507355623
116085527
120254766
1006003189
1322654542
677230801
1954397127
975014770
2111231
351190157
585241780
1960816834
188973002
1506293104
375560504
443233191
407324973
681144214
1984332389
293803731
354129194
1423902129
1895225196
1361579614
144175883
1059165154
371090593
366590581
2067329296
976517387
2029418562
1427201271
1092602914
2189680
285720812
267773808
679420482
92634291
1242788578
681531713
443824449
1828030359
494864900
632797451
1186839815
870425404
1076030642
1594164789
1551569619
912879383
1887968520
1905698813
189297865
1635710068
1119794779
333473748
547391574
1490885372
700064329
467237222
319919111
581999244
1894438493
1412522026
584188924
32675657
1680295834
1263609406
125309949
775600765
1945141120
569134398
456147476
292522372
1201931849
1642987291
1162947776
130478844
1089668432
567033747
1043358227
830153304
325248913
1232656092
318379724
1445043692
1566129841
865771299
788445417
118710522
1333008521
1108364528
700709766
1079963367
373402906
1284898691
1112639024
2053698741
401024449
1237948973
681815858
198681921
1807083371
1137963334
491204293
861531573
633466977
1654152070
992010417
1723135410
73702169
2035368644
405805066
398951082
1120541089
724184791
1843994775
539187282
1589956090
484956544
657897804
775480963
1593321072
1358607571
1855444330
1966723979
496022614
820599707
1872939072
897047063
2058548680
407271282
1095728985
1718148404
1545234616
1586933278
432196329
31217945
1093601700
1424206746
1754353355
1167303870
1312091742
12674774
1566254952
285149183
736859565
1262766079
824336465
179332007
1747722623
1482234270
954812970
1193560048
693358193
662773653
1012800379
1189380807
1483373360
738255803
2086427870
1394438392
1145527085
1034673207
965103148
543278053
474122838
1397299477
574495998
1567724538
674022575
181365706
587544760
1986114318
194040480
6316065
123779853
930900045
1269082144
948116319
1110232052
869321120
282866941
2065045022
2062881168
976225134
580335027
928197899
18122293
2063708387
1666453702
2104550163
1310663132
664497139
991739723
128282632
1207775192
1465862561
1525582110
1782271190
886103451
52121037
1963636896
1473648212
2038235355
10193728
1479964277
14531561
941093773
601562773
962647880
2051325825
1470883893
1245514821
1968887200
1386281413
74256307
401738579
166995664
92378600
317963319
1833449366
49445115
1628626451
350462857
1041184838
1756909083
1558238049
359563751
1135007545
1193025592
1245667203
1187128583
1009178840
571831767
1077880290
1019372569
2051796044
1092411851
1960466342
505875169
2055059731
1864308520
1976759063
1153090904
1685712072
1215556828
1227347211
2087450651
1382552493
1319725811
257930322
1068518211
1369170927
1886556773
1418981069
262872117
1495982209
829735470
622435869
483506106
2022761062
1868103072
1670634689
884456255
292451191
601031332
1903828824
196763587
1693443183
1716811518
702638756
1601019267
1433636390
531914171
606626523
971864814
1747471000
1833973735
911831818
982539845
1006215898
1169762140
2051058056
227903177
908835266
1322555477
490775295
257333827
4807300
1113211164
740839933
2027568362
833830588
263990975
764540969
1126281779
865022307
520886145
1323045366
410981842
90214016
2025684122
2012001109
1523850406
410114646
471143985
348231573
10101998
157634072
1260063391
992641843
1163849970
282341883
896216251
1391753148
1191177149
71288081
1882528443
1448510976
76095381
848255959
41867262
2103663743
1682086547
305858237
720721065
660884678
1170880544
1241607210
1983930044
1581862386
1331821226
1862130518
1446379848
708187985
124761516
1917523833
1056419558
134863514
2075157905
168999301
1127505357
1091524227
451341184
2023721609
335793727
1642518334
2095009690
70838522
943545662
23621423
919094481
985412924
2127285166
453697380
1291271161
700522583
1114582058
314668057
1942129794
951028454
1896530444
1126467372
665675325
1195426644
1834655357
790436841
965466829
743591267
925300356
893141086
912590568
2052805713
1984665313
1363931753
1929043674
172975393
858966439
1876569716
243813915
1802512101
1900191139
1162908397
640441378
1879992658
1616605777
1931712539
433031593
583704188
98896949
227677739
1534732642
1995427393
1354145112
52924319
1043370389
1041316821
843361161
2008837218
1784908089
1768661517
754494656
550015009
1673983582
591676321
1913946762
1455543609
764651714
625429553
1184629677
1008465630
280458007
937337169
23890379
920899385
669846179
1640496156
705128276
1102877772
76716696
804025225
1330555512
1611449339
651968970
537216976
1664373658
1695339359
1578533797
360251171
1556692929
1215958238
2128912688
163703937
1765973248
1655412623
755380259
1532436362
963472584
1520031973
10382268
618613
381013955
290840275
937955782
404904334
1211739660
1607801961
2045400491
1916867936
563196086
2122117187
573409514
1893751598
1586082878
1225378484
283484926
1102972889
773234196
1862018723
1463224060
182443477
930493314
1444653101
346147415
548982914
952582076
1101527674
2081419276
1916054660
474075999
2091801544
1916673273
855089955
235158171
707145408
1259994289
1446897831
167463721
1157911132
1216282120
730659807
1132544672
1789691634
476927757
571143902
867586470
760412683
1674116791
1640820666
474947759
989857204
1823264144
1405441073
287026657
21927911
1954423987
1239608733
1123455585
1888359615
1008179745
1597531584
1832677512
777369370
305137891
2067835683
1484514778
1565132181
1367249867
1651978500
575559665
436048339
235154659
1708104337
78256325
712082417
131764592
945842795
1472495100
1805881383
439179814
1947442859
648254939
114960310
1205400284
935281596
136888221
1012340623
27406681
1260343806
753216591
1035586426
710391742
438410455
1812955797
1015529634
358762490
1149986927
433178167
1726012357
654481779
1008737832
14577048
889636439
569358522
92833373
1601718856
701123114
1038676169
926730308
359520849
1477855983
726689520
1007775789
1592816293
1932089804
1943057385
1729704514
796946780
1970464067
842564672
1550163371
858566845
1552956414
1988573826
524038994
421002400
199852668
1674025922
854180567
1925865026
181024053
1862918400
1940442074
1070660492
284793274
2033275448
524895700
985916388
924467969
1451626009
1345437237
254840304
30831881
205729378
1847656597
1962921685
1303116
1429877463
612384817
1971767183
124958487
15064540
682850380
1677914901
2003638366
1206889375
2098917302
56007387
733431649
805614221
1981872413
914455702
521048973
1774830839
1985116195
805842247
1660622639
362528247
1791758635
437606960
1814154256
989712225
692447264
1844986137
1195441603
392620213
1660424175
1196744719
1822497676
125325344
1021028254
1947456163
140389885
1703878635
1477887417
2144028251
763284362
1429321071
52551990
1496716011
87451644
2034424403
263688065
608500618
1661771595
101320612
1414342865
1174910586
463848860
1058617853
1612517547
130519468
2048330078
157481163
1975505606
1096288033
550101377
1488446133
145549105
225115405
1613771477
1166577359
25087921
1754161362
722972346
1502975338
1750705966
1486256708
784812761
1803257956
835489071
872264405
1690198712
1099177137
1480765023
1204486659
1200497749
747624241
231913597
1664346609
1806242094
1844431144
1794866078
1707088524
2001912308
1622888036
655892909
404530037
963850521
801442014
629645442
430138350
1968019374
654733363
36816065
543508072
10225053
1787522031
2029764781
795037814
1443296339
717770204
1667302220
986011403
1816947341
1000583595
43014414
869961443
1748207836
274928012
386824404
1406966282
2119359156
34206834
966571158
1973787816
1657094870
1622464068
230834205
473461743
276422434
860479648
903600094
96958160
1515213011
940416159
640466233
1525438065
580454542
522747366
172992231
2023750881
1240517570
1840294451
862278637
909981264
693394399
905293051
1779942707
294118587
1180221063
19283463
1701084870
1152096572
53490298
520172380
978400740
1710585168
2142636448
1209234946
36563264
271575235
2069714594
940163358
368533395
1437443957
1880579517
1008999628
815398374
313550411
1531746994
988390606
189817644
624780917
681201409
1052096281
1534762181
1374595808
1957389333
1167221240
1668714396
990126748
1186504703
1222315618
2142223320
1239995001
1742487998
973140413
803096522
1737640799
34891711
839659786
2009216034
2104606305
1779823144
230265781
1394566614
1512919013
1239265410
62481341
1826469424
623528756
1050871947
2016287068
1248309673
1732073356
920899702
635588206
959185517
730805387
1802809446
480416265
1720932135
841830502
1702731883
1715671808
2081825503
1297736233
541328573
737438377
887893384
576220284
1577098163
749625770
533342941
1209437659
979891552
1927909555
574873024
71673314
1990390896
253858800
695202070
893779195
122662221
1943511744
478368904
1043561923
431616302
1437554421
1774367310
86942101
1917970686
1347815797
928772603
1473218921
916003957
863114458
623471506
1457332530
1600552836
1511364891
2033552814
1030167351
113507013
419412107
92121363
1093398565
199838015
666994387
1165071879
42745263
920853188
1860273950
936524459
1043515409
1656302046
1414893363
2087077332
2087918348
704964136
1713960994
27376801
475451174
914293143
956149404
1948670095
1830297101
1819263863
424657953
1140145983
1272333051
1936022844
1026215150
155016754
2049529858
1445627257
247138117
995444775
1645465272
914132505
13033007
1688210536
1834985693
1873306957
477251347
731017454
1382125355
1892144710
670611138
1322560055
449625198
237088484
1349936857
925076372
1151381627
158602613
726262819
834195080
1977866476
1150920772
1974341064
1102715879
939459969
853072566
1257732634
841506179
151216175
1504870751
1836950954
1796681448
271519608
1849983961
1337408336
2106505301
1575807270
1814659683
690039107
810448977
1559320745
1360650245
2133009033
2008945943
1597738729
1335462242
786538667
601636709
1494064855
1512801486
1435831789
1324447684
516238610
1262689205
279679915
1455698579
2115761771
1537412549
149721110
119494299
894799653
1986672065
1916175747
1166319261
1689172378
1106100435
1125340915
1117496001
773276470
1815380022
1927944978
185113567
1028546620
1913470363
46575862
478801701
1101448957
833114529
1080438410
448030165
198432367
368786552
1772477849
714670977
1631475757
2052157764
22885909
1599753881
1442086666
172607019
1719248180
189402671
11795436
1487940279
1355721932
1700967815
446557066
333579199
670980168
1219833536
1475574
451441498
1404947103
1030022194
217428214
1451522965
1508823895
1318877171
137153846
441778658
1766907336
335586213
810565210
1391901537
1050257190
294557319
1296575654
1073143099
1894311200
591178672
1245750119
1466075732
780581343
1257545555
806532363
2136303275
811029722
1253089429
322398827
1482009890
325439317
323874401
1933451389
1730386420
1353896595
3395955
1034425737
715236842
1322273126
1171579583
1157015500
941696815
1507165796
1967580710
186114704
409939339
114654382
1482690358
1483082438
2008965582
2073869030
581348909
1327557667
706966725
1838894465
2134090030
695786353
502440539
1239695812
1018185180
1984450430
1565135129
1342059581
1770418171
1148037902
548472528
1773814126
34979991
1263709370
948603604
1206559575
273241223
1890300419
566241723
93338285
2076415124
976181062
207992667
1411621834
311779853
69474602
1338007217
893128762
1397032269
2044973942
584539579
1383638651
593276647
1086980119
475850815
1611461827
923946901
2040985945
806037760
546881424
1041540199
1354510288
173211902
1076520190
470736011
1121815506
135596117
743977234
864632278
701837841
837315519
793563754
1678018903
1045308187
57701940
1989798756
1114782789
1395709157
735443871
364331410
1293199452
1319983450
1747970061
1886476099
259479921
76337229
1350454279
1183426822
2117323174
9008391
1730308246
1011379725
1363518680
1903520148
2087899915
1834254691
877852007
76012385
430748277
1742484285
777850226
1268063796
388564391
308385481
165888335
446266331
150700590
1280671124
1841975489
886144461
1645002534
987691293
58644263
1245488948
726683744
318124185
1321826177
2077138023
1501551007
1291665703
2086146415
1084375606
155561780
1302181447
840412106
95978047
988952490
1718264113
171990432
1419700767
1313264750
949840658
540280915
1701829141
1258226140
706169251
611825
1408926730
1986840375
1842587314
147587543
1484359262
682794959
206231806
582364562
1409478703
524355991
1904190739
1339133079
2025906999
1048372794
1277795846
962798957
1203934574
432493645
1803211063
1299912621
1421446135
1373991529
1471903054
693663254
539772631
274260064
1233944169
94118125
1532486204
1940113420
94729950
793929286
1779470148
1937317264
941516829
1116345762
472628575
1147748636
1698710324
1882107278
1672104627
1455417415
1073756709
1550527978
356306561
204068907
365843287
1560241135
636562552
21570703
712670108
2058008687
1395562232
37089514
604188293
1935334863
311349579
1838132463
2029452988
1843835783
1630762235
2124182938
490281422
1262748735
1914016554
1431798251
231610849
239161481
432063239
1930321173
2121268760
2104167867
1238254940
1047541821
1507212197
1594561501
1251610729
1873055485
1007318988
1888173281
1894626188
1719989097
1798698321
1142704772
1757078611
255402966
930555987
2068428190
2093535429
812525328
1764780326
1576814017
789224618
107578100
692079104
555757525
1539376351
923689954
794919006
1971439591
706527479
768704118
1928123810
1944782420
1816245940
1287852359
1391860273
920373021
1013424196
251695614
661062654
760566736
1971684711
312277327
1903271508
1581279674
567680294
686343848
1502224217
513732075
1498869176
1119520895
2090546092
140610146
1227098995
635141549
696367671
618991698
1558831503
1491286678
442947641
117875334
112507148
223587803
2062657754
1928753088
1511440163
1307034380
701642461
377380711
1558729994
1362705116
1137947448
1382931057
1674982443
893735308
816727083
95179089
1580079156
171467652
608911165
931464684
1290988547
551973609
1072074831
370603894
1187115158
1768442502
989595593
598463013
1112245532
1432543234
716338348
1224752681
1656131038
631512454
1006022121
1020087553
1938546834
1707664583
1397468264
1349793180
922886051
387932064
585240589
450384846
1281667373
1401967673
545563936
714262881
1573435325
1154475101
1645727566
716940225
1706448710
570318749
1087544119
746080221
191277603
2077139712
1344543234
1303523136
1362199299
2060881582
380792169
870846689
544910389
1386814290
1890934242
335973575
946995225
1140918858
1685766756
1869881276
1528850923
123523697
172782475
663034648
1525491370
718346411
1377297529
951443048
1872821512
875541447
1668383273
1431786574
1445860196
608443744
30383147
1637137800
538099809
1374926382
793177288
1900299108
1288324316
1173969457
623662149
1833234705
413300099
367112743
21724633
1360295325
1508031601
1707491389
1082692953
889398876
1831015086
1255475428
1552433524
1209022809
1973821839
782247406
12982209
1699159703
1657788853
1681365482
983462630
956165402
142325578
1013845777
445819554
680425387
241288511
1238996842
433240847
1529612828
265482651
1056902996
1215363885
678782750
1424015739
1237088518
2039078075
784563693
797096259
974287381
1673962569
480627698
82279161
1078912446
1689650507
2056101001
1861159852
1702632716
1607777056
1371465057
1236514550
443756038
180146811
1378840128
1457601816
625966365
2059265516
1698890327
1864963207
345022715
1081019507
2130445858
1401925712
148899745
661744961
678457803
1385988263
553339388
1463021496
35600875
1527626769
989500418
516228573
1609905931
2068412864
58395432
1518523284
1782089068
1761028148
978816692
1006070477
850059050
1422572731
1186217289
81415530
732690899
1812183654
2140681046
284097578
1529663214
338220114
1365117086
1512625424
1740145826
1514016831
26886737
271119981
752521446
580226126
1734141478
788122321
2107852895
576158248
1304350894
1570275178
497087464
1362746326
941314814
131692884
976290826
1920131507
1137763361
1826349876
1195220590
Average total delay time: 0.000613 nanoseconds
